300128
002288
002156
000829
002747
300503
300256
300512
603339
603779
600980
002189
603959
000536
600552
002798
300433
002779
300317
300346
300236
000503
300325
600584
300481
603993
603027
002273
603028
300223
300174
002780
603608
002652
002388
600355
600193
300476
002371
600707
002170
300219
300028
002185
603005
603306
300458
000856
600012
000795
300505
300101
601799
600207
002080
002678
600543
002151
002279
002326
600685
600666
000985
002778
000413
603002
002722
000045
600502
002643
000913
600781
002253
002428
002229
000534
600236
000823
300032
002416
002783
002008
000977
300500
000881
600132
600075
600460
601011
002548
000890
002662
002290
300318
300480
603520
600070
300470
002079
300403
300296
002449
601020
300473
600382
603508
600151
600885
002796
600177
600300
300486
300414
300263
002050
603609
002235
601579
600783
000722
002036
000981
300230
002039
000596
002786
002618
600667
603686
000901
300145
000927
002343
600811
000585
300381
000567
600503
002683
300327
600260
603328
002244
600806
002384
603223
300269
600378
300143
600156
300319
000603
300114
002377
600367
300097
300054
300095
002341
000023
000016
600459
600727
002324
300468
002781
002765
300447
300303
600131
600745
000605
000613
002113
000593
300342
002436
300185
603555
600841
300448
002632
000993
600883
300365
000559
603101
603019
300289
300088
300266
000727
601208
000970
002240
000798
300206
300134
600184
002788
002789
300489
002705
000821
002049
000050
600478
000700
000611
002670
300475
000813
000590
002308
002035
600516
002669
000799
603300
600677
600192
002790
000037
600360
603800
603999
002707
603889
002690
600593
600247
002054
603936
002749
002346
300506
000820
600573
600436
603528
000408
600579
603669
300395
002277
000568
603299
002368
002792
300446
300224
600839
600420
300351
002575
000862
000990
601900
002077
600704
600563
002181
300279
300425
600329
600354
603020
600810
603919
603111
600548
600663
000793
002719
002319
603589
600171
600805
002033
002159
603199
000779
600719
002679
300312
002648
600400
002323
002751
300165
300371
000725
600501
000897
002763
600054
603788
000838
000831
600703
002522
002554
600821
600493
002614
002791
002586
000576
600306
300393
603009
600778
600403
002086
000809
603018
300264
603698
002603
002239
600072
000563
300045
600259
600715
600226
603128
600461
002106
002214
300322
002196
603798
002504
300102
002715
300427
600779
603678
002676
600241
000729
002625
000996
300065
300398
300329
002311
603118
002068
002638
000810
603566
002359
002157
600277
600138
603066
002109
601106
300436
002610
603718
300419
002060
300083
600234
002714
601199
000597
002697
002085
600118
000065
002203
002758
600199
002666
002167
300281
002519
000837
300241
002564
300246
603806
600755
600071
600146
600376
600712
300443
600549
002773
600169
300490
600060
002528
000561
002534
000800
300004
002431
600167
300193
002299
600115
002535
600616
603518
603088
002425
300421
000885
002656
000022
300276
002687
603616
000782
600602
300368
002605
002550
600774
300029
002397
600714
600851
603085
002540
300278
300091
600243
300093
600150
000622
600575
002485
600777
300487
002495
000012
002206
000678
000768
600346
603861
000009
300360
300382
002395
002585
000428
600448
600702
002296
000531
600426
000532
000895
002013
600345
600280
000902
002457
300259
002034
002361
002521
002456
002149
002125
300302
002770
002553
600198
000632
000786
002745
600890
600798
002105
600612
603828
300304
600258
300023
002116
603000
601998
600763
002005
600477
600855
600082
600281
000338
600550
002645
000666
002362
600135
300353
000852
002517
300407
002785
002402
000099
002728
600444
600634
601877
300413
600183
600818
300455
002461
002499
002579
300034
002724
002480
600435
002772
000631
000859
300498
603169
002217
603567
002066
300150
002025
600313
002595
002210
000669
600675
601258
600079
603588
600760
600287
600562
002385
002286
603979
600266
002465
603818
000595
002620
600746
000888
002023
600126
300305
002464
002270
601908
603116
600386
600221
002114
000760
000402
300198
600319
600305
000100
603599
000707
002628
600767
600520
000785
000158
600741
002598
600620
000040
600039
600371
002102
601139
300127
000931
000506
002092
603025
002462
002443
603789
600083
002322
601965
002218
600525
300293
600831
000659
600601
600900
300402
600747
600327
002137
601890
002236
300397
002498
300006
600756
002508
002604
600077
300424
603308
600660
300178
600758
600396
600298
002305
300072
002338
002366
600897
600882
603996
603022
002558
600975
600889
600651
601328
002073
600279
002317
603315
600971
002659
300158
000430
300309
600311
300291
002520
002375
300408
000982
600770
601238
600844
000550
601989
000877
600827
600635
600026
002163
603606
600819
002473
600876
600343
600237
000599
300377
002250
600278
000690
000668
600613
000721
002718
000655
600638
601996
000777
000665
000586
002539
300301
600222
300273
300175
300056
300090
002216
600988
600114
300005
000691
600664
300002
000488
600048
002304
002701
603355
002453
600769
600000
600158
002438
000546
002100
002015
002029
600521
002336
002616
600859
002249
000570
603311
002695
002563
600864
600389
600617
000070
000048
000851
600265
300106
600976
600090
601368
600826
002241
002532
601601
002734
600765
600668
002383
300159
603939
600689
000403
600857
300138
600172
600893
000987
600895
002276
000938
603029
300373
300052
002414
002727
000423
603108
300286
002544
600161
600697
300422
002776
603377
002179
002775
603918
603838
603808
603611
603519
603369
603318
603268
603167
601988
601919
601766
601599
601288
601168
601118
601107
601006
601001
600984
600896
600881
600877
600870
600869
600848
600843
600828
600824
600822
600817
600800
600768
600764
600757
600753
600751
600749
600738
600734
600733
600732
600710
600657
600654
600653
600645
600640
600636
600628
600618
600614
600603
600592
600581
600577
600576
600571
600556
600551
600539
600527
600511
600499
600488
600475
600469
600462
600458
600455
600408
600391
600390
600385
600381
600363
600358
600351
600339
600333
600330
600321
600318
600282
600272
600268
600261
600246
600230
600228
600217
600215
600212
600209
600208
600203
600200
600182
600173
600153
600149
600145
600139
600133
600122
600120
600113
600107
600091
600069
600067
600035
300495
300488
300478
300472
300465
300464
300462
300461
300457
300456
300450
300441
300434
300432
300430
300428
300426
300423
300411
300410
300391
300372
300362
300356
300338
300335
300334
300332
300331
300324
300323
300308
300306
300300
300299
300298
300292
300290
300288
300284
300282
300265
300257
300254
300252
300251
300242
300226
300225
300221
300220
300208
300200
300199
300184
300180
300179
300176
300173
300163
300161
300153
300142
300132
300125
300113
300110
300104
300099
300082
300080
300071
300062
300061
300057
300046
300044
300043
300038
300035
300025
300019
002766
002762
002759
002740
002739
002735
002723
002712
002694
002691
002686
002685
002682
002677
002672
002663
002654
002649
002647
002630
002622
002619
002617
002612
002611
002608
002596
002591
002587
002582
002573
002569
002567
002565
002561
002555
002547
002524
002515
002507
002505
002492
002491
002486
002478
002471
002469
002454
002447
002439
002437
002430
002419
002408
002405
002398
002393
002391
002390
002389
002387
002379
002373
002372
002367
002355
002354
002352
002349
002347
002332
002331
002327
002316
002314
002306
002291
002289
002283
002282
002280
002278
002272
002266
002264
002255
002246
002243
002223
002219
002212
002211
002209
002207
002199
002190
002175
002164
002145
002134
002129
002127
002120
002112
002110
002101
002098
002089
002078
002072
002069
002065
002052
002046
002040
002021
002012
002006
002002
000997
000975
000971
000968
000962
000955
000953
000950
000936
000933
000932
000923
000920
000917
000915
000911
000906
000893
000850
000836
000835
000822
000818
000806
000797
000767
000761
000757
000755
000752
000736
000720
000719
000718
000717
000715
000693
000688
000682
000679
000677
000670
000656
000651
000639
000638
000636
000635
000633
000629
000628
000623
000619
000617
000612
000610
000608
000582
000571
000565
000560
000555
000553
000547
000537
000529
000524
000511
000510
000509
000507
000505
000422
000415
000409
000407
000401
000333
000159
000155
000069
000038
000033
000020
000007
000004
000002
002675
300069
000150
603885
600771
600559
002415
000538
603001
300374
600196
600605
600754
002698
600513
603099
002238
601166
600833
601566
002681
002653
002717
000418
000925
002440
600064
600652
600861
600074
600969
002756
300146
002088
002417
300250
002513
000738
600637
300310
002187
300460
002637
300320
002205
000708
601318
002093
000001
600891
300375
000017
600729
600452
300412
002330
002576
300406
600823
000905
002047
600572
600051
002369
600218
000520
000951
603117
603222
300172
000564
000551
600517
600860
603778
600105
601933
600706
000976
603699
002420
600519
600130
600136
600332
600784
002435
600309
600248
002292
300272
002489
000548
300228
002422
000043
002736
002559
002142
603333
000030
000731
002444
600545
002302
300469
600009
300036
600470
600558
000063
600565
300355
601158
600854
000419
000716
600879
600720
002357
300358
002186
603636
002760
000056
002122
002265
000061
600867
603558
300404
002516
002262
600323
603288
002117
601339
300203
601669
600068
600642
300485
002358
000875
300117
600418
000151
600101
600379
600315
600375
600099
000429
600816
601608
300285
601179
600325
600350
600186
600019
600739
000811
000616
002458
600027
000539
000776
002303
600985
600015
300111
000848
600518
000046
601186
002627
600725
000889
601939
601872
002084
600537
603011
002041
300039
603021
600168
002009
601177
002753
002434
600372
002688
600608
600187
600159
300262
600239
002300
000652
000830
002328
601336
002700
601021
002099
002258
601398
300429
002031
600377
002017
600674
600505
000748
002252
601007
600723
002412
600109
600586
000887
600701
002661
002725
600836
600104
601222
600335
000019
002757
601991
600085
601888
600510
002139
300492
600066
002144
000801
601377
000898
603309
600267
600295
000627
600750
300164
600251
002442
300183
000926
002568
601216
601818
600684
600036
600106
300116
600509
601886
600112
600590
002172
002640
002136
000929
000005
601985
600495
002423
600197
600080
300344
600356
002546
600485
600737
601058
002247
300129
002215
600721
600406
600076
000502
600886
300201
000543
600995
002511
000558
002063
000528
300307
002459
300195
000868
600033
000728
600814
002501
000425
002570
000788
600898
000601
000031
300084
600530
601899
002178
300367
600387
002503
600546
600887
300471
600004
600866
002075
600497
002374
600016
600690
600585
000014
002295
600227
002130
600037
002463
000498
300015
600795
000928
603600
601999
603688
600005
600428
000816
600589
002251
000625
600557
601798
600567
000400
000591
002578
000948
002016
601968
000609
300156
000886
000910
600506
001979
000732
601558
000979
600744
600178
000860
603015
002256
601313
002572
601668
600708
002233
600775
000692
000598
600302
300240
002644
600030
600023
002111
000790
601992
600021
002406
600316
000544
600538
600847
600535
002731
600405
600698
600018
300119
000710
002271
000049
000939
000630
603100
000861
002293
002549
600776
600031
601116
002345
002692
600011
600388
300155
000663
600368
000858
600658
002392
600119
603868
600808
600022
002154
000011
300354
600095
002629
300031
300214
002750
600271
002103
300022
600152
601390
600359
000883
601111
600794
600665
002482
002254
002259
603883
000008
002399
002650
002658
600322
601028
300147
000025
300449
601226
002071
603997
600029
600662
000903
002051
600532
600383
000701
002064
603989
300387
600717
002506
002320
002382
601211
300137
002386
600973
601009
600269
002248
002741
002166
300148
600093
300177
600416
600735
002024
601101
002138
600801
600736
300120
600189
601633
601866
000301
600283
600496
600320
603030
600731
601169
601369
000978
600480
002527
600429
000021
000157
600292
601588
600742
603123
600361
601929
600328
600157
000058
300009
002424
000411
600512
600250
002011
600238
300337
000607
000789
600858
600892
600986
600078
002455
600523
600999
002641
600288
600050
000672
002746
002126
600498
603766
600600
000686
601555
300268
300210
601688
000995
000417
002671
601918
600835
601628
002738
002566
002418
600059
300070
000153
002193
300341
002307
002342
600809
002197
300385
601717
603168
002543
000557
002433
600990
000156
002171
000521
300058
002693
000514
603869
601857
600038
000034
002228
002639
000657
002004
300400
601155
300092
002062
002545
000963
600201
601800
000980
601518
600716
600483
002003
600649
601928
600583
002227
600650
000930
002538
000042
000839
600694
300026
300207
000685
002200
000960
000062
002356
002350
300249
000581
600057
300452
600449
600352
600888
002613
600432
002135
601689
002512
002261
300440
002552
002131
300202
600487
600482
002483
300079
600223
300316
601016
600834
000572
600561
601100
000573
600724
002260
000869
002058
000036
601231
600796
000792
600728
002581
002162
600211
300162
600289
000420
300345
000166
600966
002334
600229
002737
600647
601218
600981
300283
600028
300055
000027
002624
002732
000637
600982
600566
600812
600619
600862
600681
002623
002541
000088
601788
000825
000726
000566
600262
601008
600838
600691
601002
002274
601969
601808
600125
300258
600240
601727
000501
601038
600825
600815
600863
600143
300260
600369
600959
603729
000426
600874
002689
600655
300336
300435
000935
000998
600062
000999
000671
603898
600508
000812
600284
000712
600615
600850
002083
600872
002230
300001
002242
600141
600020
300415
300107
603158
600213
000523
000756
600216
000600
300160
300379
603866
300171
600308
600252
000882
000983
600692
002281
000416
002213
600425
600696
000918
002404
002081
600578
002351
000620
300369
600785
300182
002481
600880
600256
002394
002059
002733
000039
000899
600017
300181
600089
600439
002313
600807
600555
002633
603969
000661
300211
300383
000709
002061
600528
300364
002761
300396
600155
300109
600680
600190
600128
600793
601000
002344
300389
002531
601117
601126
002198
000089
002318
000966
002651
000737
300074
002607
002022
002042
000683
600423
600326
600331
300154
600624
002182
002479
002123
601010
000697
002364
601012
600853
002729
002220
600622
002014
600598
600162
600170
000735
603568
601015
300115
002028
600307
002301
000702
000525
600630
600399
000010
601088
002602
600722
600846
002094
600500
000713
601005
002636
002202
002477
002518
002470
000815
002401
600438
300376
600398
000068
000650
000739
600533
603988
600569
601618
000029
002797
002597
002115
600231
300349
300431
600963
600711
600401
000410
601678
600761
600362
600621
000826
002721
000667
600695
300012
002452
002768
600961
600249
600081
002699
002767
600175
300024
600588
000026
600515
600456
300086
000526
600312
601515
000584
300297
600419
002160
600979
000958
000919
300501
002696
600098
000711
600317
002365
000759
603017
600676
600868
600529
600481
300076
300409
002118
002560
600967
000833
300275
601677
600380
600433
002146
002474
600195
002583
300067
300463
002673
000090
002267
002124
600789
002335
600393
600875
000900
601018
002429
601003
600338
002158
300439
601718
600395
600998
002143
000698
601098
600422
002400
002348
600489
002588
000908
300098
600748
002360
300068
600917
002132
600052
600970
000723
601069
002467
000606
002194
002082
000554
002038
000066
000912
300350
600409
600958
600111
000504
600894
300108
300027
002287
600415
300244
300194
600127
002001
600536
300131
000783
300103
000006
002119
300094
600276
600410
300064
300151
300189
300330
600759
002128
603227
600202
002752
600560
600687
601636
600301
000961
601801
002571
002339
600303
600792
001896
002087
002152
600780
600220
601099
000751
000589
601666
601333
600726
002026
002188
002225
600804
300123
603010
300011
002381
600643
603008
600595
300234
000989
000516
601188
600108
000949
002191
000967
600137
600176
002523
600165
002010
600871
601777
600291
002536
600830
001696
600802
600633
000802
002380
600507
000519
600797
002204
002655
002490
000892
002451
300152
000060
002410
300122
000533
600594
600275
002475
002533
002053
000681
000959
002782
603703
600837
600820
600084
300215
002019
600611
600270
300041
002378
002421
600743
300333
300121
600609
000687
600299
002095
002674
600705
600582
002007
603366
600673
002310
002298
600526
601880
002133
300233
300209
300280
600540
300437
600179
300139
603338
300416
600148
601198
600123
002432
000018
000705
300363
600678
600463
300326
300081
600163
000530
002493
601388
002353
600273
002403
300315
600063
300445
300204
600997
600686
000791
002680
000404
300267
600580
600568
600219
002376
000965
002141
603998
300247
600773
002708
300390
600061
300479
002743
300066
000680
002487
300047
300016
002027
002226
002755
002496
600766
300459
600117
300417
002285
000878
600730
600210
002043
002055
000695
002441
002615
300287
300100
000778
603398
600829
600782
600531
300380
603188
600129
603126
002600
002275
600055
002030
002592
603968
601600
000096
000540
603899
600626
300149
000780
002020
601699
600392
002606
600006
600599
300013
300008
600479
600086
300313
000587
600100
600008
601233
603701
002711
300401
600679
002104
002048
300213
300105
300140
300314
300339
002222
600965
002148
600740
002446
002502
600661
600606
600865
300136
300212
600121
601113
300328
600587
300063
000032
600353
603077
002702
300394
600206
300466
002594
600370
000676
002668
300048
002730
300030
000972
603003
600978
000545
600191
300232
002044
300144
600787
300357
002037
000796
300130
601225
600180
600010
000059
600397
002018
000673
600644
000513
000750
600285
600490
002409
000880
002642
600962
601700
002396
300021
300239
000828
002635
300042
002321
600235
300075
600856
603023
600476
601616
300205
300442
002557
300261
300271
000552
002096
300077
601901
002176
300321
600242
000626
002413
000055
600348
600791
300196
002269
601898
002363
300248
000517
002309
002337
601567
300453
300274
300378
002195
300243
601519
002562
603368
002609
002450
002634
002494
600547
300229
002646
002601
000937
300255
600790
603012
600803
300477
002769
002590
002147
002091
600604
002121
002556
300392
600987
002626
600336
600467
002333
000662
002631
002500
300087
002660
300124
300217
300237
002484
002232
600007
300270
000541
600992
000803
600491
002315
600188
601789
600160
002153
603601
300399
300085
300388
300192
600884
300167
600688
002526
300438
300418
002706
300491
002329
002411
300096
600116
300190
601607
600293
300169
002529
600845
300235
002208
600290
002472
002510
300253
300141
000973
002076
000766
600993
600610
300010
600699
002325
002657
000988
600629
300133
002312
600522
002268
600056
002580
300020
002263
300157
600255
300089
300218
300467
002184
000863
300245
002445
000592
000921
002056
002161
002667
300483
600366
000078
300007
300049
300168
002169
600682
300311
002173
300050
002716
600110
300018
002201
000922
002234
300227
000819
603901
000733
002665
300366
002150
300420
300238
002297
002284
002742
600713
300126
300510
300170
603696
000876
002713
600623
600983
603198
603166
002174
000952
002599
300135
600597
300370
300216
002551
300017
600257
601311
600648
000753
002168
000969
600718
002231
002294
002045
002155
300051
600058
600446
300078
300222
002074
002057
002221
002224
600073
300053
600053
000518
600641
000807
300059
300511
600486
600225
000758
300188
600960
300231
002067
002476
002488
300197
600088
002793
000916
300359
002574
600166
300507
600340
300033
603006
600466
002177
600103
002107
600693
002183
600570
002748
600468
002427
000703
300112
002237
002726
002621
300348
000957
300482
000035
300277
002497
300444
002584
002777
002245
300003
002664
600596
300343
300347
300384
603618
000909
600373
002165
000615
000421
300494
002192
002468
002370
002509
002593
600421
002537
300502
300497
002542
300295
300187
300191
300496
002097
002448
002032
600232
002684
600683
002589
600096
002090
603598
603726
002577
300474
300040
300499
600639
300073
002140
300493
300386
300294
601137
002530
600097
002795
603399
300118
002340
000028
300037
300014
300166
603822
600094
300451
603456
300509
600671
600310
600233
002108
002771
002514
000762
603026
002407
600337
600297
600365
002426
300508
002787
002709
002180
603799
601958
002460
300484
300340
600185
002070
300352
300405
002703
002466
600873
